mut_id,esophageal_cancer_ESCC062_T5,esophageal_cancer_ESCC062_T1,esophageal_cancer_ESCC062_T4,esophageal_cancer_ESCC062_T3,esophageal_cancer_ESCC062_T2
7_149250548_G_C,0.438,0.539,0.32,0.244,0.679
18_77251148_C_G,0,0.076,0,0,0
16_83915488_G_C,0,0,0.237,0.231,0
12_57694813_C_T,0.273,0.337,0,0,0.267
14_104773409_C_T,0,0,0.048,0,0
12_6232885_G_A,0,0,0,0.252,0
2_140951941_C_A,0.359,0.401,0.281,0.191,0.358
8_68109613_C_G,0.243,0.253,0,0.025,0.228
3_125747260_G_A,0,0,0,0.031,0.147
11_119187481_G_A,0,0,0.3,0.229,0
2_95951441_C_T,0.031,0.024,0.026,0.031,0.061
15_100629786_C_T,0,0.053,0,0,0
19_22073601_A_T,0.32,0.346,0,0,0.299
6_33174421_C_G,0,0,0.064,0,0
8_67163755_G_A,0,0,0,0.059,0
3_184426699_A_G,0.193,0.187,0,0,0.133
5_9265560_C_A,0.329,0.315,0.217,0.23,0.355
17_45243807_C_A,0.328,0.44,0.201,0.245,0.38
15_37110376_G_A,0,0.081,0,0,0
X_149631479_G_A,0,0,0.186,0,0
X_84164335_G_A,0,0,0,0.02,0.299
19_5951445_G_C,0,0,0,0.22,0
8_54459624_G_A,0.031,0,0,0,0
21_46442420_C_G,0.567,0.413,0,0,0.582
18_21049170_C_G,0,0,0.234,0,0
17_43064073_A_T,0,0,0,0,0.109
16_71383330_C_G,0,0,0,0.058,0
3_15439346_G_A,0.481,0.831,0,0,0.548
13_40771000_G_A,0.541,0.635,0.359,0.393,0.707
12_131939069_C_G,0.65,0.562,0,0,0.208
11_193698_C_T,0.048,0,0.055,0.115,0.045
16_88810526_G_A,0.327,0.347,0.28,0.237,0.396
22_30695450_C_T,0.032,0,0,0,0
9_122392307_G_C,0,0,0.126,0,0
8_54142698_A_C,0.145,0,0,0,0.109
9_98944016_C_G,0,0,0.053,0,0
19_20258675_G_A,0.286,0.336,0.143,0.172,0.48
7_151381843_C_A,0,0,0,0,0.105
1_23816787_A_G,0.298,0.311,0.259,0.247,0.404
20_62419473_C_G,0,0,0,0.038,0.131
1_155066684_C_T,0.359,0.477,0.312,0.268,0.531
3_180609647_G_C,0,0,0,0.072,0.05
8_124591265_G_C,0.266,0.227,0.23,0.214,0.262
15_78773337_C_T,0.143,0.393,0.119,0.114,0.217
3_46895867_G_A,0.493,0.709,0.321,0.333,0.782
20_3083115_C_G,0.334,0.348,0.263,0.384,0.32
18_267851_G_C,0.743,0.788,0,0,0.636
15_101760151_T_C,0.215,0.214,0.205,0.2,0.215
X_148662573_G_C,0.696,0.76,0.565,0.489,0.797
22_31826598_C_G,0.329,0.37,0.144,0.316,0.452
19_14864314_G_T,0,0.047,0,0,0
11_68784998_T_C,0,0,0.19,0,0
17_21288053_C_G,0.296,0.213,0,0,0.206
6_152249361_G_C,0.308,0.316,0.167,0.375,0.5
8_12731779_C_G,0.046,0.278,0.197,0.188,0
15_101760149_G_A,0.026,0.038,0.027,0.035,0.029
3_185698334_G_C,0,0,0,0.024,0.085
12_114394849_G_C,0.314,0.388,0.194,0.263,0.432
3_126488040_C_T,0.377,0.348,0.225,0.374,0.386
2_74368907_C_G,0.405,0.343,0.327,0.201,0.367
12_132657297_C_G,0,0,0.214,0,0
8_109466777_G_A,0,0,0,0,0.062
14_105771479_C_T,0.055,0,0,0.074,0.17
X_49286286_C_T,0.617,0.681,0.491,0.481,0.807
17_10634312_G_A,0.267,0.33,0.169,0.232,0.329
8_142876877_A_G,0,0.027,0,0,0
2_33586780_G_T,0.333,0.422,0.205,0.323,0.341
2_110205037_G_T,0,0,0.275,0,0
20_45374184_C_T,0.364,0.377,0.254,0.328,0.323
10_80280271_G_C,0,0,0.042,0,0
7_5846965_G_C,0,0.044,0,0,0
14_59331214_C_A,0.19,0.2,0.183,0.162,0.201
17_42663127_G_C,0.375,0.359,0,0,0.206
9_135664835_G_A,0.363,0.443,0.249,0.233,0.404
11_61303906_G_A,0,0,0,0.043,0.125
4_88158482_G_A,0,0,0.073,0,0
3_159989229_C_T,0.27,0.31,0.209,0.155,0.158
6_52059968_G_T,0.393,0.385,0.307,0.266,0.289
20_8132810_C_T,0,0,0,0.331,0
3_126475184_G_A,0,0,0,0,0.156
X_154652519_C_T,0.648,0.777,0.465,0.552,0.82
12_9595417_C_G,0.364,0.348,0.303,0.371,0.49
17_42570229_C_G,0.312,0.348,0.189,0.377,0.407
3_124661898_G_C,0.33,0.383,0.256,0.302,0.375
19_50703443_T_G,0,0,0,0,0.056
6_70190475_G_A,0.378,0.418,0.186,0.307,0.454
18_69401388_G_C,0,0.051,0,0,0
4_65336059_G_C,0,0,0,0.275,0
X_85103927_G_C,0,0,0.511,0,0
18_75201448_C_G,0.424,0.553,0,0.06,0.459
13_72755282_C_G,0,0,0.174,0,0
19_21505888_G_A,0.325,0.397,0,0,0.226
8_26779134_G_A,0,0,0.203,0,0
5_151542556_G_T,0,0,0.224,0,0
15_90230374_C_G,0.339,0.361,0.274,0.28,0.245
5_36958095_C_G,0.281,0.38,0,0,0.213
14_103727400_C_T,0.296,0.231,0.229,0.176,0.364
14_19734192_T_A,0,0,0,0,0.044
3_108629031_C_G,0,0,0.06,0,0
16_52027373_C_T,0.338,0.398,0.222,0.306,0.429
12_49604549_G_A,0,0,0,0.069,0.129
17_11669498_G_A,0.272,0.414,0.247,0.313,0.408
14_49802610_G_C,0.34,0.202,0.199,0.248,0.274
17_18969087_C_G,0.313,0.349,0.22,0.255,0.39
4_176192874_G_T,0,0,0,0,0.158
17_41690197_C_G,0,0,0.045,0,0
8_142344342_C_T,0,0,0.056,0,0
7_122388773_C_G,0.426,0.542,0.098,0.356,0.362
12_57737065_C_T,0,0,0,0.023,0
3_132722345_G_A,0.329,0.335,0.204,0.225,0.29
17_50140266_C_G,0,0.077,0,0,0
16_58583008_G_C,0.35,0.359,0,0,0.288
10_98262588_A_T,0,0,0,0.045,0.2
16_90063738_A_G,0,0.079,0,0,0
17_10640507_G_C,0.294,0.352,0.233,0.318,0.393
11_4769433_A_C,0,0,0,0,0.166
16_57770662_G_T,0,0,0,0,0.121
6_30711948_C_G,0.315,0.371,0,0,0.23
11_6795059_G_C,0,0,0,0.039,0
12_1884310_G_A,0,0,0,0,0.167
8_16121199_T_G,0,0,0,0.11,0
8_87206247_G_A,0,0.088,0,0,0
6_51904075_T_C,0,0,0.307,0.211,0
12_110884025_C_A,0.354,0.369,0.224,0.222,0.401
3_40457980_G_A,0,0,0.058,0,0
7_31848068_T_C,0,0,0,0.021,0.152
6_32335443_T_G,0,0,0,0.24,0
18_34866021_G_A,0.47,0.672,0.287,0.443,0.631
6_77761506_T_G,0,0,0,0,0.076
X_139204010_G_C,0,0,0.132,0,0
6_130175937_C_A,0,0,0,0.252,0
17_75830085_C_T,0,0.052,0,0,0
22_21666200_G_A,0,0,0.049,0,0
1_155266748_C_T,0.32,0.319,0,0,0.341
5_132486432_C_T,0,0,0.07,0,0
2_53801588_G_C,0.376,0.359,0,0,0.297
6_138862522_G_T,0.216,0.2,0.111,0.036,0.385
11_60937623_G_C,0,0,0.067,0,0
19_10848688_G_C,0.376,0.466,0.213,0.272,0.435
13_40941097_T_C,0,0,0,0,0.139
19_49858074_C_T,0,0,0,0.075,0
17_19358023_C_T,0,0,0.056,0,0
6_89743728_G_C,0.064,0,0,0,0
19_10835340_G_A,0,0,0,0.112,0
14_46651241_G_C,0,0,0,0,0.046
17_46726501_G_A,0,0,0.174,0,0
2_120951428_G_A,0,0,0,0,0.111
2_27494491_G_A,0.3,0.41,0.212,0.259,0.4
11_35725993_G_T,0,0,0.085,0,0
16_2528354_G_A,0,0,0,0,0.12
14_103522058_C_G,0,0,0.133,0,0
10_49132177_G_A,0,0,0,0.034,0
3_43055486_C_T,0,0,0.335,0,0
4_118295088_A_G,0.316,0,0,0,0.286
2_184938019_T_A,0,0,0.075,0,0
3_171686772_G_C,0,0,0.046,0,0
1_22910304_G_A,0,0,0,0.298,0
14_45106054_G_A,0,0,0.087,0,0
1_217630871_C_G,0.321,0.322,0,0,0.27
12_87983126_G_T,0,0,0.184,0,0
1_161675362_C_T,0.322,0.418,0.294,0.269,0.374
10_7743175_C_G,0,0,0,0,0.048
12_103841152_G_T,0,0,0,0,0.083
10_97570281_G_C,0.322,0.362,0,0,0.245
15_51211614_C_G,0,0.087,0,0,0
8_2069340_C_G,0,0,0,0.238,0
19_29822001_T_C,0,0,0.27,0.263,0
2_75671928_C_T,0,0,0,0,0.148
9_110406455_C_T,0,0,0.044,0,0
20_51432455_C_T,0,0,0.252,0.231,0
1_201203721_T_C,0,0,0,0,0.097
16_1659751_C_T,0.149,0.471,0.292,0.275,0.394
4_99139172_G_A,0.283,0.454,0.216,0.287,0.401
2_1943171_C_T,0.317,0.431,0,0,0.269
20_62139202_C_G,0,0,0.07,0,0
19_57606148_G_A,0.352,0.34,0,0,0.288
15_55435099_G_A,0.339,0.302,0.424,0.216,0.163
9_33797818_C_T,0.167,0.182,0.142,0.151,0.233
7_76514952_G_C,0,0,0.06,0,0
X_14845280_C_G,0.617,0.837,0.4,0.548,0.868
4_143878500_C_A,0.347,0.299,0.221,0.193,0.39
20_19975458_A_C,0.296,0.372,0.183,0.084,0.523
9_93252925_C_G,0.249,0.073,0,0,0.301
9_120969144_C_G,0,0,0.077,0,0
19_57135852_A_G,0,0,0.147,0,0
4_686047_T_C,0,0,0.4,0.046,0.139
19_11353405_G_T,0.233,0.252,0,0,0.35
17_10413948_G_C,0.217,0.293,0.163,0.208,0.249
2_40429278_G_T,0.347,0.366,0.242,0.281,0.352
6_115967680_C_T,0,0.067,0,0,0
17_44154373_A_G,0.276,0.472,0.283,0.224,0.311
11_30892728_G_C,0,0,0,0,0.141
5_90405757_C_T,0,0.067,0,0,0
12_68323301_C_G,0.471,0.387,0,0,0.259
3_42700625_T_A,0,0,0,0,0.073
4_70081402_C_T,0.343,0.422,0.192,0.226,0.333
19_9849164_G_A,0,0,0.128,0,0
18_23813054_C_T,0,0,0.103,0,0
2_95956642_G_A,0.133,0.088,0,0.024,0.161
15_84817711_C_G,0.41,0.352,0,0,0.351
1_247037747_C_G,0,0,0.083,0,0
9_87971376_C_T,0,0,0.221,0,0
3_132453263_C_G,0,0,0.115,0,0
12_31662178_A_G,0,0,0,0,0.054
5_73894508_C_G,0,0,0.098,0,0
10_70736963_G_C,0,0,0,0.256,0
12_4765456_G_C,0.286,0.392,0,0,0.357
9_137242500_G_C,0,0.065,0,0,0
11_123577502_C_T,0,0,0,0,0.03
2_3682844_C_T,0.486,0.414,0.2,0.286,0.542
4_73090817_C_G,0,0,0,0,0.073
2_178568423_G_T,0.288,0.335,0.172,0.245,0.301
4_74038428_A_G,0.341,0.361,0.212,0.154,0.287
1_220182731_T_C,0,0,0.179,0,0
7_71810385_T_G,0,0,0,0.175,0
14_106403489_T_G,0,0,0,0,0.04
18_3215040_G_T,0.086,0.069,0,0,0.093
8_98104430_G_A,0.728,0.831,0.533,0.596,0.852
8_2052336_T_G,0,0,0.22,0.163,0
3_128101707_T_A,0.316,0.247,0.183,0.231,0.328
6_28363707_G_A,0,0,0,0,0.065
19_4282881_C_T,0,0,0.062,0,0
5_181257359_A_C,0.282,0.32,0.191,0.295,0.44
X_44873764_C_A,0.567,0.75,0.5,0.446,0.792
17_41689013_C_T,0,0,0.083,0,0
8_143792965_C_T,0.25,0.235,0,0,0.219
1_197427792_A_T,0,0,0.203,0,0
11_5200365_G_C,0,0,0.049,0,0
5_53042186_T_C,0,0,0,0,0.061
6_107634641_C_T,0,0,0.209,0,0
22_32393859_G_C,0.292,0.253,0,0,0.225
6_161101927_C_T,0,0,0,0,0.076
7_152116869_C_G,0,0,0.345,0.402,0
11_10293984_G_A,0,0,0,0,0.06
14_81261792_G_A,0.06,0,0,0,0.063
1_248272814_T_C,0,0,0,0,0.09
17_7673788_G_A,0.535,0.526,0.395,0.433,0.566
17_49045288_G_C,0.25,0.367,0.171,0.328,0.509
16_33698032_C_T,0,0.03,0,0,0.116
2_11556656_T_A,0.311,0.405,0.285,0.253,0.402
18_49826607_C_T,0.517,0.594,0.333,0.345,0.507
10_94254821_C_G,0.287,0.386,0.279,0.253,0.286
17_10459906_A_G,0.165,0.318,0.147,0.221,0.234
14_46651215_C_A,0,0,0,0.039,0
1_227845927_C_G,0,0,0.064,0,0
2_224875912_T_C,0.152,0,0,0,0.149
7_48279023_C_G,0,0,0.038,0,0
4_39244653_C_T,0,0,0,0.071,0.128
X_85108145_T_C,0.067,0,0,0,0
9_100104623_C_T,0.67,0.685,0.402,0.507,0.786
17_75616140_G_A,0.184,0,0,0,0.189
1_169542006_C_G,0,0,0.057,0,0
12_117046867_C_T,0,0,0,0,0.07
17_18161331_G_A,0,0,0,0,0.065
1_20682740_G_A,0,0,0.046,0,0
14_56290542_G_C,0,0,0,0.057,0.06
1_236550806_A_T,0,0,0.2,0,0
6_24141089_G_T,0,0,0,0.082,0
16_32171021_T_C,0,0,0,0,0.12
3_15453915_G_A,0,0,0,0.259,0
16_28584927_G_A,0,0,0,0.11,0
9_109867365_G_A,0.558,0.276,0.25,0.32,0.263
X_52633479_A_G,0.046,0.133,0.113,0.023,0.025
1_45457768_C_T,0,0,0.086,0,0
17_44217986_G_C,0.256,0.471,0.319,0.282,0.301
17_54947273_G_C,0,0,0.202,0,0
1_247419028_C_G,0,0,0,0.059,0
7_86864419_C_A,0.261,0.462,0.189,0.299,0.343
11_55368382_C_T,0,0,0,0.047,0.188
19_21973920_C_T,0.307,0.323,0,0,0.285
11_22377403_A_T,0,0,0,0,0.161
17_16382039_C_G,0,0,0,0.059,0
14_22531975_G_A,0.037,0.109,0,0,0
4_113292442_C_T,0,0,0,0.175,0
1_16986023_C_T,0.129,0,0,0,0.101
15_65732902_G_C,0,0,0.103,0,0
8_35748495_T_G,0,0,0.187,0.239,0
1_167991384_G_C,0.252,0.338,0.307,0.269,0.349
9_96937173_G_A,0,0,0,0,0.056
6_31782084_C_T,0.339,0.346,0.263,0.317,0.465
2_196271327_G_A,0.311,0.162,0.146,0.326,0.447
4_125463488_C_T,0.393,0.372,0.156,0.41,0.275
17_50656621_C_A,0,0,0,0,0.07
6_160599651_C_T,0.323,0.348,0,0,0.29
6_130872435_G_A,0.28,0.027,0,0,0.207
8_96295328_C_A,0.263,0.223,0.089,0.151,0.271
17_11768355_G_A,0.302,0.453,0.185,0.143,0.4
3_180661792_G_C,0,0,0.125,0,0
14_106301660_C_T,0,0.042,0,0,0
1_1288102_G_T,0,0,0,0.233,0
19_21808385_G_A,0,0,0.069,0,0
6_30712612_G_C,0,0,0.203,0,0
10_84232019_C_T,0.304,0.366,0.247,0.272,0.425
15_48432905_C_T,0,0,0.25,0,0
10_120520973_C_G,0,0.07,0,0,0
1_158674287_A_T,0.266,0.488,0,0,0.404
14_100538814_C_T,0,0,0,0,0.072
2_33522124_C_T,0,0,0,0,0.136
21_46260946_G_A,0,0,0,0,0.085
3_111275401_G_C,0,0,0.273,0,0
2_38070788_G_A,0,0,0.065,0,0
6_142417307_G_A,0,0,0.218,0.206,0
8_124999513_C_T,0,0,0.026,0,0
1_155763594_T_C,0,0,0,0,0
22_50109805_G_A,0.309,0.403,0.228,0.278,0.404
1_43606569_C_T,0,0,0.077,0,0
19_19933904_G_C,0,0,0.032,0,0
1_159858744_C_T,0,0,0.057,0,0
2_227342861_G_C,0,0,0,0.064,0.149
4_6323251_C_T,0.42,0.671,0,0,0.441
20_49544313_G_C,0.296,0.309,0.194,0.246,0.358
14_45176785_C_T,0.182,0.286,0.172,0.239,0.303
19_23223701_G_C,0,0,0.064,0,0
6_116437266_G_A,0.293,0.38,0,0,0.273
16_24361703_C_G,0,0,0.039,0,0
19_53165484_G_T,0.257,0.342,0.193,0.198,0.388
11_58616847_G_T,0,0,0.221,0.19,0
19_15361772_C_T,0.263,0.403,0.186,0.231,0.414
12_16244869_G_C,0.066,0,0,0,0
8_58960047_C_G,0,0.088,0,0,0
11_6876599_C_T,0.314,0.349,0.149,0.231,0.436
13_52712749_G_C,0.282,0.394,0,0,0.238
2_206307483_C_T,0.265,0.374,0.236,0.162,0.39
17_44353919_C_G,0,0,0.085,0,0
7_98310634_G_C,0.366,0.415,0.242,0.2,0.398
11_59504478_G_A,0.309,0.35,0,0,0.26
22_20338084_C_G,0.353,0.373,0,0,0.273
8_64377723_T_A,0,0,0,0,0.289
6_152283952_G_C,0,0.069,0,0,0
10_133084974_C_G,0,0,0,0,0.16
19_4504599_G_T,0,0,0,0,0.081
2_74481134_C_G,0.056,0,0,0,0
12_69932678_A_G,0.265,0.393,0.212,0.193,0.404
13_87673526_C_T,0.355,0.371,0.22,0.286,0.442
16_68919116_G_A,0,0,0.262,0,0
3_150885526_T_G,0.205,0.259,0.193,0.228,0.279
10_28238572_G_A,0,0,0,0,0.087
19_652863_C_T,0.347,0.375,0,0,0.278
6_42228455_C_T,0.088,0,0,0,0
7_105113291_A_G,0,0,0,0,0.155
1_247425142_A_G,0,0,0.291,0,0
16_84179999_A_G,0,0,0.231,0.188,0
8_135521100_A_G,0,0,0,0,0.101
10_11869564_G_A,0,0,0.061,0,0
10_38055793_G_A,0,0,0.251,0.248,0
17_58532032_C_G,0.319,0.303,0,0,0.312
17_10453712_C_A,0,0,0,0.148,0
6_151573251_C_A,0.326,0.34,0.191,0.229,0.311
6_52454258_G_A,0.318,0.387,0.341,0.285,0.421
1_227101156_C_G,0,0,0.176,0,0
2_151465537_C_G,0,0,0.304,0.26,0
2_196201368_C_G,0,0.109,0,0,0
2_165890538_C_T,0.301,0.339,0.199,0.232,0.325
1_204946473_G_A,0.279,0.46,0.308,0.346,0.485
10_54664300_G_C,0.432,0.316,0.273,0.208,0.299
17_73823823_C_T,0,0,0.255,0,0
14_72947119_C_G,0,0,0,0.067,0.215
11_44264923_C_T,0,0,0.181,0,0
8_98032393_A_G,0,0,0.247,0.169,0
1_3473655_C_G,0,0.106,0,0,0
12_76386780_G_T,0.369,0.29,0.262,0.125,0.365
1_16648994_C_G,0.101,0.099,0.119,0.08,0.126
2_236465620_C_A,0,0,0,0.212,0
4_87892994_G_A,0.296,0.416,0,0,0.246
15_50254325_C_A,0,0,0.25,0,0
16_55819597_C_T,0.185,0.265,0,0,0.179
3_129575879_G_T,0,0.048,0,0,0
3_151458509_C_T,0,0,0.056,0,0
11_123097909_C_T,0.395,0.585,0.298,0.43,0.664
2_208325396_T_G,0,0,0,0.051,0.194
12_52611285_C_T,0.338,0.366,0,0,0.295
5_141419581_C_G,0,0,0.065,0,0
6_155314454_C_T,0,0,0.2,0,0
17_28305987_A_G,0.406,0.412,0.289,0.282,0.6
10_102451261_G_C,0.282,0.28,0,0,0.258
8_87873686_C_G,0.026,0,0,0,0
20_17531265_G_A,0.048,0,0,0,0
1_169732640_C_T,0,0,0,0.265,0
3_130379807_G_A,0,0,0,0.044,0
1_150698759_G_T,0.253,0.35,0.237,0.258,0.377
2_127428485_G_A,0.126,0,0,0,0
4_73121664_C_T,0,0,0,0.095,0.174
9_5787570_C_T,0,0,0.187,0,0
2_178764221_G_C,0.347,0.374,0.209,0.32,0.452
19_56813916_T_A,0.286,0.313,0,0,0.337
15_99799588_G_A,0.366,0.349,0,0,0.312
8_99134687_A_C,0.193,0.333,0,0,0.18
1_16939157_G_C,0,0,0.053,0,0
13_49382911_G_C,0,0,0.312,0,0
4_71557732_G_C,0,0,0.031,0,0
3_112280850_G_C,0,0,0,0.202,0
7_33099568_T_A,0.324,0.321,0.457,0.5,0.379
12_56642586_A_C,0,0.104,0,0,0
6_65494815_C_A,0.361,0.421,0.187,0.252,0.373
20_23085906_C_G,0,0,0,0.28,0
11_795080_G_C,0.325,0.423,0,0,0.25
8_61503324_C_G,0,0,0.07,0,0
13_79355275_T_A,0.062,0,0,0,0
1_5863505_G_C,0,0,0.333,0,0
1_248038958_G_A,0,0,0.029,0,0
11_72688469_G_A,0,0,0,0.325,0
21_30282627_T_G,0,0,0,0.056,0
3_147412725_C_G,0,0,0.049,0,0
10_104370831_C_T,0.189,0.091,0,0,0.256
12_162027_G_A,0.325,0.397,0.247,0.257,0.412
1_90939383_T_C,0,0,0,0,0.074
22_21483093_G_A,0,0,0,0,0.05
X_67643241_T_G,0,0,0,0.048,0
11_34931435_G_C,0,0.051,0,0,0
12_4562399_G_C,0.348,0.349,0,0,0.231
2_135741879_C_T,0,0,0.257,0,0
1_55147863_C_G,0.182,0.424,0,0,0.44
17_80471966_G_A,0.348,0.413,0.213,0.26,0.438
6_152465410_A_T,0,0,0.192,0,0
5_60924630_C_G,0.38,0.43,0.259,0.295,0.513
3_165830682_C_T,0,0,0,0.195,0
12_52796049_G_C,0.314,0.372,0,0,0.269
7_11460900_T_G,0,0,0,0,0.112
17_61984425_T_A,0.065,0.292,0.28,0.179,0.333
3_108563173_C_G,0,0,0.234,0,0
19_8100970_C_G,0,0,0.065,0,0
17_29086623_C_T,0,0.077,0,0,0
14_22507706_G_C,0,0,0,0.06,0.188
15_22466558_G_C,0,0,0,0.044,0
6_36012384_A_T,0,0,0,0,0.054
2_79523291_C_A,0.354,0.414,0.296,0.22,0.329
1_1647280_T_C,0.087,0.101,0.221,0.049,0.138
3_125177762_A_G,0,0.073,0,0,0
3_71198083_G_C,0.518,0.65,0.251,0.323,0.649
11_55827698_G_A,0.348,0.398,0.241,0.264,0.39
20_44279381_C_G,0.306,0.478,0.287,0.316,0.358
2_213056753_A_C,0,0,0,0.091,0
19_54742261_C_G,0,0,0,0.032,0.153
14_78615013_C_T,0,0,0,0,0.056
9_108893806_G_C,0.611,0.711,0.34,0.545,0.686
2_27324504_C_T,0,0.039,0,0,0
5_69374534_C_G,0.452,0.5,0.086,0.188,0.571
5_128135643_G_A,0,0,0,0,0.236
6_32857960_G_A,0.284,0.375,0.26,0.27,0.292
9_33034329_C_A,0.443,0.653,0.234,0.403,0.678
16_30821018_G_C,0.25,0.337,0,0,0.273
7_107576562_G_C,0,0,0.168,0,0
14_77249242_G_A,0.242,0.267,0.188,0.203,0.224
2_130193801_G_T,0.032,0,0,0,0
7_73400218_G_T,0,0,0,0.234,0
12_48783075_G_A,0.042,0,0,0,0
16_17118036_C_G,0,0,0,0,0.101
6_96603795_G_C,0,0,0,0.196,0
11_64151121_C_G,0,0,0,0,0.082
X_85265255_A_C,0.739,0.755,0,0,0.571
14_22923272_A_C,0,0,0,0,0.063
12_43944381_T_G,0,0,0,0.095,0
17_75878192_C_A,0.322,0.338,0.25,0.293,0.29
1_78046083_C_T,0.258,0.308,0.231,0.341,0.247
8_103915601_T_A,0,0,0.077,0.192,0
16_56467255_G_C,0,0,0,0,0.062
19_46411358_G_A,0.338,0.372,0.222,0.262,0.361
7_99664091_G_C,0,0,0,0,0.093
7_155806781_C_A,0.503,0.683,0.326,0.371,0.748
7_155678509_T_C,0,0,0.339,0,0
22_23971675_C_G,0,0,0.184,0,0
15_54015064_T_A,0.309,0.392,0,0,0.278
14_52019388_G_A,0,0,0.177,0,0
3_136338435_G_A,0.261,0.299,0.154,0.178,0.244
8_7357909_A_G,0.142,0.121,0.04,0.125,0.273
15_78773339_T_C,0.106,0.393,0.136,0.131,0.269
8_3367300_C_T,0.574,0.861,0.5,0.508,0.8
5_75147335_A_G,0,0,0.037,0,0
3_142838691_A_G,0.218,0.301,0.227,0.25,0.296
8_3396271_C_G,0,0,0,0,0.134
7_120994018_G_C,0,0,0.213,0,0
6_72217308_C_T,0.381,0.322,0.219,0.28,0.394
16_7052161_C_A,0,0,0.075,0,0
19_54415568_G_A,0.077,0,0,0,0
9_33602780_G_T,0.282,0.812,0.302,0.389,0.833
7_19145265_A_G,0,0,0,0.206,0
9_137040524_G_A,0,0,0,0,0.065
2_74958952_C_T,0,0,0.053,0,0
6_64821778_T_G,0,0,0,0,0.083
9_104796353_G_A,0.371,0.341,0.217,0.243,0.294
9_127568944_G_A,0,0,0.094,0,0
4_53574007_G_C,0.28,0.319,0,0,0.271
19_8938863_T_A,0,0,0,0,0.071
19_3186205_C_G,0.039,0,0,0,0
5_147831585_G_T,0,0,0.222,0,0
20_48998416_A_C,0,0,0.202,0,0
15_97971147_G_C,0,0,0,0,0.091
3_2883311_T_G,0,0,0,0.239,0
14_89162831_G_A,0.212,0.276,0,0,0.207
8_86887668_T_A,0,0,0,0,0.063
2_190976827_T_C,0,0,0,0.21,0
12_80495939_G_C,0,0,0,0,0.073
20_44625499_C_A,0.346,0.377,0.265,0.297,0.313
3_176514986_A_T,0,0,0,0,0.047
6_127580325_G_C,0.374,0.321,0.192,0.281,0.391
4_73449404_A_G,0.055,0,0,0,0
5_108381324_G_C,0,0,0.058,0,0
3_10388298_C_T,0,0,0,0.041,0
17_7674191_C_A,0.257,0.277,0.174,0.222,0.236
4_146942766_C_A,0,0.043,0.438,0,0
5_13714288_A_G,0.076,0.174,0,0,0
X_8587781_A_T,0.543,0.775,0,0,0.714
7_63298429_C_T,0,0,0.065,0,0
1_109542841_G_C,0.337,0.364,0.195,0.277,0.329
5_62437313_C_T,0,0,0.212,0,0
6_26055988_C_G,0,0,0,0.218,0
8_144530475_G_C,0.23,0.307,0.185,0.171,0.331
1_109189423_T_G,0,0,0,0,0.171
2_169176522_T_C,0,0,0,0,0.051
11_63915369_G_C,0.275,0.193,0,0,0.241
8_55998393_G_C,0.65,0.788,0.415,0.564,0.831
6_29670766_G_A,0,0,0.081,0,0
14_77818961_T_C,0,0,0.154,0,0
17_80855359_G_C,0.252,0.379,0.232,0.282,0.321
3_183041578_C_G,0.198,0.233,0.139,0.19,0.21
14_103337121_C_T,0.277,0.3,0.359,0.231,0.212
4_26613020_C_T,0.417,0.538,0,0,0.359
3_130598337_A_C,0,0,0,0,0.102
14_21032232_G_C,0,0,0,0,0.056
19_17009479_G_C,0,0,0.244,0.138,0
9_133120956_G_A,0.578,0.826,0.549,0.484,0.774
X_49230396_G_C,0,0,0.074,0,0
22_39513916_C_T,0.324,0.259,0,0,0.226
17_20350994_C_G,0.304,0.368,0,0,0.342
2_11618588_G_A,0.313,0.34,0.251,0.296,0.418
18_54324841_G_T,0,0,0.319,0.307,0
18_13040197_G_A,0,0,0.279,0,0
5_176599833_A_G,0,0,0,0,0.056
12_40933670_T_G,0.292,0.371,0,0,0.257
2_233719077_A_T,0.043,0,0,0,0
2_54648983_C_G,0,0,0.288,0,0
11_78210317_G_A,0.055,0.257,0,0,0
7_48244717_G_A,0.183,0.027,0,0,0.103
2_215111585_T_C,0,0,0,0.186,0
16_23087081_A_T,0.335,0.369,0.235,0.279,0.422
21_44861329_C_G,0,0,0,0.282,0
12_3640950_A_G,0.255,0.392,0.375,0.119,0.414
5_131945348_G_A,0,0,0.111,0,0
17_61801546_G_T,0.429,0.44,0.379,0.24,0.364
1_1439060_G_A,0.314,0.427,0,0,0.252
15_34953070_C_T,0.469,0.674,0,0,0.333
16_81148280_T_C,0,0,0,0,0.055
17_35259436_C_G,0.029,0,0,0,0
19_9341224_G_C,0,0,0.063,0,0
7_99051275_G_C,0,0,0,0,0.053
6_44287687_C_G,0,0,0,0.194,0
6_165940852_G_C,0,0,0,0,0.065
8_143606080_G_A,0.432,0.442,0.374,0.405,0.528
7_128791691_C_G,0.363,0.327,0,0,0.198
14_106360124_G_C,0,0,0,0.039,0.106
9_35043406_T_A,0.077,0,0,0,0
2_208163545_C_T,0.268,0.408,0,0,0.292
17_28710804_G_A,0,0.102,0,0,0
5_41381754_C_T,0.313,0.416,0.239,0.297,0.31
9_72940183_C_G,0,0,0,0,0.147
3_119365561_C_G,0.306,0.285,0,0,0.292
1_62558954_A_G,0,0,0.257,0,0
11_9784230_G_A,0,0,0.185,0.213,0
14_81270712_G_A,0,0,0.208,0,0
7_120740887_A_T,0,0,0.194,0,0
12_52317800_G_C,0.375,0.405,0,0,0.211
5_26881615_C_T,0.313,0.371,0.279,0.18,0.397
15_89268279_G_C,0.421,0.417,0,0,0.217
10_23037414_A_G,0,0.061,0,0,0
1_151408249_G_A,0,0,0,0.025,0.052
7_91265932_C_G,0.322,0.361,0.204,0.241,0.366
3_39186571_C_T,0.066,0.285,0,0,0
1_200986904_C_T,0.341,0.368,0,0,0.265
13_113539444_G_A,0,0,0.043,0,0
3_130598603_G_T,0.105,0.296,0.273,0.194,0.429
14_104947107_C_G,0,0,0,0,0.038
1_145838203_C_G,0,0,0.05,0,0
11_56105356_C_G,0,0,0.237,0,0
14_92716080_C_G,0,0,0.035,0,0
2_99185955_C_G,0,0,0,0.278,0
3_188874271_G_A,0,0,0.124,0,0
9_116651733_G_C,0.335,0.369,0,0,0.28
20_9337092_G_C,0,0,0.051,0,0
1_247896571_G_C,0.074,0,0,0,0
9_82432114_C_G,0,0,0,0,0.079
12_105195245_T_C,0,0,0.282,0,0
2_201726580_T_C,0,0,0.075,0,0
16_68695416_G_A,0,0,0,0,0.128
8_67193547_A_T,0,0.088,0,0,0
9_85661040_C_T,0,0,0.299,0,0
7_147639326_T_A,0.542,0.579,0,0,0.468
5_13754116_C_A,0.355,0.36,0.281,0.435,0.344
11_35726128_G_C,0,0,0,0.026,0
6_165339391_C_T,0.368,0.392,0.348,0.224,0.357
12_192373_C_A,0.318,0.412,0.222,0.301,0.387
19_41976407_G_A,0.333,0.307,0.268,0.228,0.471
17_74473716_G_C,0,0,0.038,0,0
1_247921158_T_C,0,0,0,0,0.08
14_101040891_C_G,0,0,0,0,0.048
16_29094402_C_T,0.266,0.349,0.213,0.249,0.405
17_32760241_C_T,0.19,0.325,0,0,0.275
10_49156371_A_C,0,0.107,0,0,0
5_58455816_T_C,0.223,0.356,0.211,0.273,0.402
6_99410804_A_C,0,0.054,0,0,0
20_63493163_G_A,0.264,0.368,0.188,0.323,0.531
12_110582761_G_C,0,0,0.046,0,0
14_57563981_A_T,0.357,0.038,0,0,0.091
22_22376660_C_G,0.325,0.374,0.225,0.25,0.538
13_52087258_G_A,0,0,0.214,0,0
20_44622473_G_A,0,0,0.05,0,0
16_68352651_C_G,0.432,0.398,0.283,0.343,0.296
2_211947457_G_A,0.352,0.328,0.328,0.371,0.404
12_106774679_G_A,0,0,0.108,0,0
7_120956553_G_A,0.361,0.351,0.115,0.286,0.577
10_105164494_G_A,0,0,0.058,0,0
12_9164073_A_G,0,0,0.148,0,0
5_64694015_C_G,0,0,0.257,0.257,0
3_37108644_G_C,0.589,0.587,0,0,0.421
2_42054058_T_A,0,0.097,0,0,0
1_210013755_G_C,0,0,0.322,0.235,0
4_93224726_A_C,0,0,0,0,0.12
6_29374329_C_G,0.349,0.261,0,0,0.265
2_71078212_C_T,0,0,0.088,0,0
15_33629997_G_C,0,0,0.076,0,0
5_14331032_C_G,0.36,0.429,0.267,0.292,0.375
1_202194147_C_T,0,0,0.093,0,0
7_128208007_A_T,0.288,0.303,0.266,0.269,0.425
14_28773495_T_G,0,0,0,0.065,0.16
16_88587743_G_C,0.371,0.317,0,0,0.248
4_6621274_C_T,0.485,0.598,0,0.384,0.511
1_39465054_T_C,0,0,0.276,0.275,0
X_52633553_C_G,0.048,0.17,0.155,0.041,0.057
9_97317103_C_T,0,0,0.062,0,0
5_55256509_C_T,0,0,0.092,0,0
16_2207176_C_G,0,0.05,0,0,0
19_11832631_C_G,0,0,0,0.308,0
4_1403811_G_A,0,0,0,0.054,0
12_21239175_G_C,0.322,0.374,0,0,0.256
1_39297599_C_T,0,0,0.052,0,0
7_149777245_A_G,0.393,0.609,0.234,0.287,0.727
8_41539705_G_C,0,0,0,0.219,0
X_139203985_G_C,0,0,0.135,0,0
19_49801755_G_A,0,0,0.042,0,0
7_104906249_C_A,0,0.081,0,0,0
6_96203883_C_G,0,0,0.065,0,0
10_133183271_G_T,0.332,0.409,0.216,0.33,0.429
3_124477377_G_A,0.245,0.386,0.259,0.22,0.537
1_74436281_T_C,0.04,0.11,0,0,0
17_43002933_G_C,0.38,0.291,0,0,0.308
12_57745866_C_G,0.234,0.218,0,0,0.229
14_32093972_G_A,0.296,0.286,0.234,0.182,0.186
15_47766490_G_C,0,0,0,0.184,0
3_53891911_G_T,0,0,0.347,0.259,0
3_159069698_G_C,0.282,0.269,0.158,0.182,0.291
12_48025049_C_G,0.369,0.393,0,0,0.277
19_54280128_C_T,0,0,0,0,0.071
5_178882884_T_G,0,0,0.056,0,0
5_83538379_C_G,0,0,0.06,0,0
14_19796496_C_T,0.138,0.237,0,0,0.111
14_20014688_T_C,0,0,0,0,0.048
15_43138684_C_G,0,0,0,0,0.168
12_8604307_C_T,0.354,0.418,0,0,0.218
3_109054804_G_C,0,0,0.067,0,0
22_17901009_T_G,0,0,0.318,0.021,0
17_32480268_G_C,0,0,0.121,0,0
3_121223072_C_G,0,0,0,0,0.186
12_106823252_C_G,0,0,0.072,0,0
20_64071757_C_G,0,0,0.214,0.311,0
11_93731622_T_C,0,0,0,0.024,0.223
11_7695484_G_A,0,0,0.066,0,0
11_134144791_G_A,0.093,0,0,0,0.154
5_140828857_G_C,0,0,0,0.028,0.07
10_117545750_G_C,0,0,0,0.057,0.136
7_87710742_C_T,0.259,0.5,0.028,0,0.217
17_58504975_C_T,0.26,0.43,0.176,0.292,0.496
3_27192349_C_T,0,0,0.226,0.5,0
14_73687322_G_A,0,0,0.202,0.12,0
19_14053690_C_T,0.321,0.452,0,0,0.289
2_215346948_G_C,0.33,0.326,0,0,0.27
15_83983399_T_A,0,0.032,0.175,0.303,0
10_58817671_C_G,0.332,0.335,0.236,0.205,0.294
6_150809326_C_G,0,0.074,0,0,0
3_15065248_G_A,0,0.095,0,0,0
14_81395759_C_G,0,0,0.063,0,0
19_14480383_C_T,0.292,0.374,0,0,0.309
18_5232978_G_C,0,0,0.206,0,0
9_24545095_A_C,0,0,0,0,0.163
1_166858413_G_C,0,0,0.131,0,0
6_146159537_G_T,0,0,0.199,0,0
10_125841681_G_T,0.5,0.455,0.129,0.235,0.565
6_159232438_C_G,0,0,0.251,0,0
12_19500303_A_G,0.2,0.278,0.1,0.25,0.611
20_33043308_C_T,0,0,0,0,0.075
2_176329414_G_C,0.321,0.401,0.215,0.257,0.293
1_216323674_G_T,0.098,0,0,0,0
4_75549472_C_G,0,0,0.06,0,0
5_173110653_G_C,0.278,0.425,0,0,0.289
4_163472400_G_T,0.04,0.154,0,0,0
1_100424299_C_G,0.32,0.416,0.274,0.279,0.431
14_36663629_G_T,0,0,0.164,0,0
1_21865650_A_T,0,0.073,0,0,0
1_1040871_G_C,0,0,0,0,0.091
9_35704607_G_C,0,0,0.382,0,0
12_8223999_C_G,0,0,0,0,0.093
11_64237451_C_G,0,0.035,0,0,0
X_63643881_C_G,0.51,0.741,0,0,0.405
18_14179489_C_T,0.526,0.569,0,0,0.479
3_185291504_G_A,0.141,0.191,0.118,0.152,0.205
7_90164404_C_T,0,0,0,0.158,0
17_39945011_G_C,0.314,0.178,0,0,0.359
9_109445172_C_G,0,0,0,0.2,0
2_218827504_C_G,0,0,0,0.197,0
16_3494100_G_A,0.246,0.283,0.227,0.329,0.415
19_39886382_C_T,0.11,0.134,0,0,0.085
10_86364082_C_A,0.29,0.417,0,0,0.271
16_88434387_C_G,0,0,0,0.054,0
2_71388685_G_A,0,0,0,0,0.078
10_63301840_T_G,0,0,0.243,0,0
8_68110959_G_C,0.23,0.228,0,0.032,0.221
6_29627639_G_A,0,0,0,0.022,0
2_240577069_G_C,0,0,0.228,0,0
9_137139579_G_A,0,0,0,0,0.079
4_163350790_C_T,0.349,0.387,0.263,0.257,0.407
19_17365502_C_T,0.342,0.366,0.224,0.212,0.414
1_110892522_C_T,0,0,0.12,0,0
19_10290184_G_A,0,0,0,0,0.134
10_104262815_C_G,0.357,0.29,0.208,0.271,0.371
2_112647213_A_T,0.238,0.379,0.257,0.233,0.397
4_78850996_G_C,0,0,0.092,0,0
10_1015827_G_A,0.36,0.363,0,0,0.316
22_16784265_T_C,0,0,0,0,0.101
9_106927603_G_A,0,0,0,0.107,0
1_200028965_C_G,0,0,0.195,0,0
8_119416917_C_T,0,0.09,0,0,0
19_45702865_G_C,0.158,0,0,0,0.23
9_104837734_A_C,0.231,0.424,0.333,0.208,0.32
19_54666765_T_A,0,0,0.258,0,0
13_25171209_C_T,0,0,0.038,0,0
X_149490450_G_A,0.583,0.536,0.4,0.406,0.3
19_56815070_G_A,0.303,0.409,0.239,0.258,0.375
7_137922820_C_A,0.286,0.328,0.283,0.34,0.424
10_62376397_C_T,0,0,0.053,0,0
22_18126277_G_C,0.322,0.398,0.28,0.227,0.356
12_2685771_C_T,0.039,0.065,0.048,0.029,0.059
2_219552629_C_G,0,0,0,0,0.121
14_69348108_C_T,0,0.042,0,0,0
X_47896049_T_C,0,0,0,0,0.184
9_86319709_G_A,0.382,0.436,0.298,0.33,0.36
6_32853070_C_A,0,0.075,0,0,0
22_24063080_C_T,0,0,0,0,0.055
X_10125069_G_C,0,0,0.113,0,0
3_152455591_T_C,0,0,0.174,0,0
11_69005698_G_A,0.428,0.452,0.442,0.447,0.462
20_20277430_C_T,0,0,0.228,0,0
14_100814379_C_T,0.251,0.252,0,0,0.228
7_150330986_C_G,0,0,0,0.254,0
5_136213513_C_T,0,0,0.242,0,0
5_177371374_A_G,0.044,0,0,0,0
1_203043906_C_G,0,0,0.075,0,0
9_93292636_G_A,0,0,0.032,0,0
12_7488115_A_T,0,0,0.23,0.144,0
6_163190800_G_C,0,0,0.118,0,0
12_119752426_C_G,0.375,0.345,0.132,0.139,0.308
3_52741432_G_C,0.512,0.529,0,0,0.447
8_66149763_T_G,0.182,0,0,0,0.176
X_2752200_G_C,0,0,0.093,0,0
19_48501577_C_G,0.319,0.387,0,0,0.307
11_124029632_G_A,0.482,0.672,0.324,0.365,0.62
1_155031717_T_A,0.291,0.294,0.222,0.295,0.355
22_38225310_G_C,0.327,0.321,0,0,0.164
1_51361084_A_G,0,0,0.27,0.168,0
1_45518993_G_-,0.368,0.336,0,0,0.325
1_174964921_-_T,0,0.417,0.299,0,0
10_43077502_-_GGGCGGC,0,0.121,0.244,0.204,0.22
10_68488384_-_A,0,0,0.285,0,0.306
10_79920992_G_-,0.338,0.403,0.194,0.257,0.379
10_92690099_-_G,0.324,0.41,0.256,0.293,0.421
15_28202582_AGCCAAGCACTGGCA_-,0,0,0,0.196,0
15_55546746_-_T,0,0,0,0,0.168
15_82282899_-_G,0.323,0.345,0.209,0.31,0.391
16_2153519_ACGCCCGAGTGTCTGTTTTC_-,0.317,0.373,0.262,0.275,0.412
16_3023541_AAG_-,0.244,0.421,0.244,0.286,0.501
17_7414335_-_TCACA,0,0,0.204,0.145,0
17_43064071_C_-,0,0,0,0,0.145
19_38849835_-_CCGCCGCCT,0.358,0.42,0,0.288,0.417
2_70964442_-_C,0,0,0.216,0.194,0
2_151527405_TTATTATAAATAATTATTCA_-,0.106,0,0,0,0
2_190060305_TG_-,0.329,0.372,0.215,0.27,0.38
22_41387277_G_-,0,0,0.28,0,0
3_52408541_GAGACCTTTCGCCGG_-,0.446,0.57,0.221,0.269,0.602
3_123618809_-_GTTGT,0,0,0,0.203,0
5_1032060_CAGGCTCCAGTC_-,0.365,0.424,0,0,0.23
5_151795491_A_-,0.238,0.369,0.287,0.268,0.326
6_32975280_GG_-,0.177,0,0,0,0
6_157322772_C_-,0,0,0,0.21,0
7_6416841_AGGAG_-,0.329,0.371,0.377,0.431,0.361
7_34646028_A_-,0,0,0,0.169,0
8_17544528_A_-,0.285,0.152,0,0,0.22
8_88041363_AGCCTGCTCCTAGCT_-,0.284,0.249,0.138,0.185,0.184
9_136517901_-_TGA,0.632,0.757,0.492,0.607,0
